15423123 931234 1
23432 3434 343 34364326 2346363 121
327327481 123214612951
3261478621 21362174675215216 2136276146721
2137273281372 216003607213 0127360747208142 1207863217045802155
15423123 931234 1
23432 3434 343 34364326 2346363 121
327327481 123214612951
3261478621 21362174675215216 2136276146721
2137273281372 216003607213 0127360747208142 1207863217045802155
15423123 931234 1
23432 3434 343 34364326 2346363 121
327327481 123214612951
3261478621 21362174675215216 2136276146721
2137273281372 216003607213 0127360747208142 1207863217045802155
15423123 931234 1
23432 3434 343 34364326 2346363 121
327327481 123214612951
3261478621 21362174675215216 2136276146721
2137273281372 216003607213 0127360747208142 1207863217045802155
15423123 931234 1
23432 3434 343 34364326 2346363 121
327327481 123214612951
3261478621 21362174675215216 2136276146721
2137273281372 216003607213 0127360747208142 1207863217045802155
15423123 931234 1
23432 3434 343 34364326 2346363 121
327327481 123214612951
3261478621 21362174675215216 2136276146721
2137273281372 216003607213 0127360747208142 1207863217045802155
15423123 931234 1
23432 3434 343 34364326 2346363 121
327327481 123214612951
3261478621 21362174675215216 2136276146721
2137273281372 216003607213 0127360747208142 1207863217045802155
15423123 931234 1
23432 3434 343 34364326 2346363 121
327327481 123214612951
3261478621 21362174675215216 2136276146721
2137273281372 216003607213 0127360747208142 1207863217045802155
